[
	[#106 generations
		[0,1,1,0,1,1,0,0],
		[0,0,1,0,0,1,1,0],
		[0,0,1,1,1,0,1,1],
		[0,0,1,0,0,0,0,1],
		[0,0,0,1,1,1,1,0],
		[1,1,1,1,1,1,1,1],
		[0,0,0,1,0,1,0,0],
		[0,0,0,0,1,0,0,0]
	],
	[#repeated growth and collapse
		[0,1,1,0,1,0,0,1],
		[1,1,0,1,1,0,1,1],
		[1,0,0,1,1,1,1,0],
		[0,0,0,0,0,1,0,0],
		[1,0,0,0,1,1,0,0],
		[0,1,0,1,0,0,0,1],
		[1,0,0,0,0,0,1,0],
		[0,0,1,0,1,0,0,1]
	],
	[#another pulsing colony
		[0,0,1,1,1,0,1,0],
		[1,0,1,0,0,1,1,1],
		[1,0,1,0,1,0,0,0],
		[0,0,1,1,0,1,1,1],
		[0,0,0,0,0,0,0,0],
		[1,0,1,1,0,0,0,1],
		[0,0,1,1,1,1,1,1],
		[1,1,0,1,1,0,1,1]
	],
	[#glider
		[1,1,1,0,1,1,0,0],
		[1,0,0,1,1,0,1,0],
		[0,0,1,0,1,1,1,0],
		[1,1,1,1,1,0,0,1],
		[1,1,0,1,1,1,1,0],
		[0,1,0,0,1,1,0,0],
		[1,0,1,0,0,1,0,1],
		[1,0,1,1,1,0,0,1]
	],
	[#creep in and collapse
		[0,0,0,1,1,0,0,1],
		[0,1,1,0,0,1,1,1],
		[0,0,0,0,0,0,0,1],
		[0,1,1,1,1,0,0,0],
		[1,0,0,0,0,1,0,0],
		[0,1,0,0,1,1,0,0],
		[1,0,1,1,1,0,1,0],
		[0,1,0,0,0,0,0,0]
	],
	[#one last hurrah
		[0,1,0,1,0,0,1,1],
		[1,1,0,0,0,0,0,0],
		[0,1,0,1,0,1,1,1],
		[1,1,0,0,1,0,1,0],
		[1,1,1,1,1,0,0,0],
		[1,0,0,0,1,1,1,0],
		[1,1,1,1,0,1,0,1],
		[0,1,1,0,0,1,0,0]
	],
	[#a long repeating pattern
		[0,1,1,1,1,1,1,1],
		[1,1,1,1,0,0,1,1],
		[1,1,0,0,1,1,1,0],
		[1,1,1,1,1,1,0,0],
		[0,1,1,1,1,1,0,0],
		[0,0,0,1,0,0,0,0],
		[0,0,0,0,0,0,1,1],
		[0,0,1,1,1,0,0,1]
	],
	[
		[1,0,0,1,1,0,1,0],
		[0,1,1,1,0,0,0,1],
		[0,0,0,0,1,0,0,1],
		[0,1,0,0,1,0,1,1],
		[1,1,1,1,0,0,1,1],
		[0,1,1,0,1,0,0,0],
		[1,1,0,1,1,1,0,0],
		[0,0,1,1,0,1,0,1]
	],
	[#another long repeating pattern
		[0,1,1,0,1,1,0,0], 
		[0,1,1,1,0,0,1,0], 
		[0,1,0,1,0,0,0,1], 
		[0,0,1,1,1,1,0,0], 
		[0,1,0,0,0,1,0,1], 
		[1,1,0,1,1,1,1,1], 
		[0,1,1,1,0,1,1,1], 
		[0,1,1,1,1,1,0,0]
	]
]